//EGNT (NEWCASTLE)
//Worldwide Navigation Database
//Exported via DFD v1.0 19.0603
//Software copyright (c) 2019 Richard Stefan, NAVData-Service
//Support available via forum at http://forum.navigraph.com
//
//Data provided by Navigraph - www.navigraph.com
//Source data copyright (c) 2019 Jeppesen
//This data may be used for ground based recreational computer game
//simulation software only, and may not be recompiled, interpreted,
//or distributed for any purpose without the written consent of Navigraph.
//The contents of this database is dated and must not be used for real
//world navigation as it is unlawful and unsafe to do so.
//
//------------------------------------------------------
//AIRAC Cycle : 1907 (20/JUN/2019 - 18/JUL/2019) - Ver.1
//------------------------------------------------------
FIXES
FIX 18DME LATLON N 55 1.4005 W 1 44.6075
FIX 28DME LATLON N 55 0.977167 W 1 46.180834
FIX ASGEB LATLON N 55 10.959 W 1 29.346
FIX CF25 LATLON N 55 6.011833 W 1 27.232834
FIX CI07 LATLON N 54 58.298167 W 1 56.291333
FIX D075D LATLON N 55 1.270834 W 1 49.149
FIX D075I LATLON N 54 59.906333 W 1 57.321667
FIX D079D LATLON N 55 1.703333 W 1 49.303
FIX D079I LATLON N 55 0.6695 W 1 57.623167
FIX D246D LATLON N 55 0.3545 W 1 48.555833
FIX ERUXI LATLON N 54 50.324666 W 1 57.936334
FIX ETSES LATLON N 54 41.9515 W 1 41.4355
FIX FF25 LATLON N 55 4.7635 W 1 31.9785
FIX FI07 LATLON N 54 59.5625 W 1 51.571166
FIX FQ07 LATLON N 54 59.535334 W 1 51.526
FIX GIRLI LATLON N 54 42.675167 W 1 48.1915
FIX GOKOV LATLON N 54 8.4 W 1 52.042166
FIX IRKOR LATLON N 54 24.256166 W 1 47.0665
FIX KUSEG LATLON N 55 2.711333 W 2 0.413666
FIX MQ07 LATLON N 55 1.827667 W 1 43.018
FIX MQ25 LATLON N 55 2.702167 W 1 39.758333
FIX NITUD LATLON N 54 48.915667 W 1 53.235667
FIX NT07F LATLON N 54 59.816833 W 1 50.6225
FIX NT07I LATLON N 54 58.173667 W 1 56.759167
FIX NT25F LATLON N 55 4.749833 W 1 32.0305
FIX NTE05 LATLON N 55 4.779 W 1 31.919167
FIX NTM01 LATLON N 55 4.129166 W 1 34.383667
FIX NTM02 LATLON N 55 0.831 W 1 46.820666
FIX NTNB LATLON N 55 3.023 W 1 38.561
FIX NTS01 LATLON N 54 46.4885 W 1 55.414166
FIX NTS02 LATLON N 54 51.628 W 1 38.319833
FIX NTS08 LATLON N 54 55.5655 W 1 44.6685
FIX NTS12 LATLON N 54 58.508666 W 1 31.9465
FIX NTW02 LATLON N 55 1.387667 W 1 44.729167
FIX NTW03 LATLON N 55 0.7495 W 1 47.128667
FIX NTW04 LATLON N 54 56.013667 W 1 58.076333
FIX POL LATLON N 53 44.626 W 2 6.199667
FIX RIMTO LATLON N 53 43.05 W 1 25.983334
FIX SUPIG LATLON N 55 6.4135 W 1 25.702
FIX UPMOP LATLON N 55 1.528166 W 1 21.779833
FIX XODRU LATLON N 54 32.129 W 1 44.571667
ENDFIXES

RNWS
RNW 07
RNW 25
ENDRNWS

SIDS
SID GIRL1T RNW 07 FIX NTE05 AT OR ABOVE 2000 SPEED 210 TURN RIGHT DIRECT FIX NTS12 AT OR ABOVE 4000 SPEED 250 FIX GIRLI 8000
SID GIRL1Y RNW 25 TRK 246 UNTIL 1100 FIX NTW03 SPEED 180 FIX NTS08 AT OR ABOVE 4000 SPEED 250 FIX GIRLI 8000
SID GIRL3X RNW 25 FIX OVERFLY NTW02 AT OR ABOVE 1100 SPEED 180 FIX NITUD 8000 SPEED 250 FIX GIRLI 8000
ENDSIDS

STARS
STAR ETSE1J FIX ETSES AT OR ABOVE 9000 SPEED 220 FIX NTS01 AT OR ABOVE 6000 SPEED 220 FIX ERUXI AT OR ABOVE 5500 SPEED 200
  RNW 07
STAR ETSE1K FIX ETSES AT OR ABOVE 9000 SPEED 220 FIX NTS02 AT OR ABOVE 6000 SPEED 220 FIX UPMOP AT OR ABOVE 4000 SPEED 200
  RNW 25
STAR POL1N FIX POL FIX GOKOV FIX IRKOR AT OR ABOVE 16000 SPEED 220 FIX XODRU AT OR ABOVE 12000 SPEED 220 FIX ETSES AT OR ABOVE 9000 SPEED 220
  RNW 07 RNW 25
STAR RIMT1N FIX RIMTO FIX GOKOV FIX IRKOR AT OR ABOVE 16000 SPEED 220 FIX XODRU AT OR ABOVE 12000 SPEED 220 FIX ETSES AT OR ABOVE 9000 SPEED 220
  RNW 07 RNW 25
ENDSTARS

APPROACHES
APPROACH ILS07 FIX CI07 AT OR ABOVE 2200 FIX FI07 2200 RNW 07 FIX NTNB AT OR ABOVE 2500 HOLD AT FIX NTNB LEFT TURN INBOUNDCOURSE 246 ALT 2500 SPEED 210 LEGTIME 1
 TRANSITION NT1 FIX NTNB AT OR ABOVE 3500 SPEED 185 TRK 259 UNTIL 6.3 FROM FIX NTNB FIX OVERFLY D079I AT OR ABOVE 2200
 TRANSITION NT2 FIX NTNB AT OR ABOVE 3500 SPEED 185 TRK 255 UNTIL 6.3 FROM FIX NTNB FIX OVERFLY D075I AT OR ABOVE 2200
APPROACH ILS25 FIX CF25 AT OR ABOVE 2000 FIX FF25 2000 RNW 25 FIX D246D TRK 246 UNTIL 2500 TURN RIGHT DIRECT FIX NTNB 2500
 TRANSITION NT1 FIX NTNB AT OR ABOVE 3500 SPEED 185 TRK 087 UNTIL 7.2 FROM FIX NTNB
 TRANSITION NT2 FIX NTNB AT OR ABOVE 3500 SPEED 185 TRK 079 UNTIL 7.2 FROM FIX NTNB
APPROACH NDM07 FIX FQ07 2200 FIX 28DME AT OR ABOVE 1110 FIX 18DME AT OR ABOVE 790 FIX MQ07 468 RNW 07 FIX NTNB AT OR ABOVE 2500 HOLD AT FIX NTNB LEFT TURN INBOUNDCOURSE 246 ALT 2500 SPEED 210 LEGTIME 1
 TRANSITION NT1 FIX NTNB AT OR ABOVE 3500 SPEED 185 FIX D079D AT OR ABOVE 3500 FIX OVERFLY D079I AT OR ABOVE 2200
 TRANSITION NT2 FIX NTNB AT OR ABOVE 3500 SPEED 185 FIX D075D AT OR ABOVE 3500 FIX OVERFLY D075I AT OR ABOVE 2200
APPROACH NDM25 FIX CF25 AT OR ABOVE 2000 FIX FF25 2000 FIX MQ25 440 RNW 25 TRK 246 UNTIL 2500 TURN RIGHT DIRECT FIX NTNB 2500
 TRANSITION NT1 FIX NTNB AT OR ABOVE 3500 SPEED 185 TRK 087 UNTIL 7.2 FROM FIX NTNB
 TRANSITION NT2 FIX NTNB AT OR ABOVE 3500 SPEED 185 TRK 079 UNTIL 7.2 FROM FIX NTNB
APPROACH RNV07 FIX NT07I AT OR ABOVE 2600 FIX NT07F 2000 RNW 07 FIX OVERFLY NTM01 2000 SPEED 210 TRK 066 UNTIL 2000
 TRANSITION ERUXI FIX ERUXI AT OR ABOVE 5500 SPEED 200 FIX NTW04 AT OR ABOVE 3500 SPEED 200
 TRANSITION KUSEG FIX KUSEG AT OR ABOVE 4000 SPEED 200
APPROACH RNV25 FIX SUPIG AT OR ABOVE 2600 FIX NT25F 2000 RNW 25 FIX OVERFLY NTM02 2500 SPEED 210 TRK 246 UNTIL 2500
 TRANSITION ASGEB FIX ASGEB AT OR ABOVE 4000 SPEED 200
 TRANSITION UPMOP FIX UPMOP AT OR ABOVE 4000 SPEED 200
ENDAPPROACHES

GATES
GATE 0 N 55 2.233333 W 1 41.5
GATE 1 N 55 2.147 W 1 42.584
GATE 10 N 55 2.225666 W 1 42.4045
GATE 11 N 55 2.228 W 1 42.458167
GATE 12 N 55 2.239166 W 1 42.504
GATE 13 N 55 2.337833 W 1 42.431333
GATE 14 N 55 2.336333 W 1 42.394834
GATE 15 N 55 2.332166 W 1 42.3555
GATE 16 N 55 2.337833 W 1 42.344666
GATE 17 N 55 2.349167 W 1 42.343166
GATE 18 N 55 2.376334 W 1 42.3425
GATE 19 N 55 2.4325 W 1 42.262333
GATE 2 N 55 2.168333 W 1 42.581
GATE 20 N 55 2.448 W 1 42.261667
GATE 21 N 55 2.450333 W 1 42.11
GATE 22 N 55 2.418833 W 1 42.109333
GATE 23 N 55 2.393167 W 1 42.1125
GATE 24 N 55 2.365166 W 1 42.117334
GATE 25 N 55 2.329 W 1 42.115
GATE 25L N 55 2.340167 W 1 42.1335
GATE 25R N 55 2.3195 W 1 42.136
GATE 3 N 55 2.212166 W 1 42.505834
GATE 4 N 55 2.210666 W 1 42.468833
GATE 5 N 55 2.209 W 1 42.431833
GATE 50 N 55 2.034833 W 1 41.862167
GATE 51 N 55 2.0195 W 1 41.858
GATE 52 N 55 2.003333 W 1 41.853167
GATE 53 N 55 2.005667 W 1 41.9465
GATE 54 N 55 2.023667 W 1 41.9365
GATE 6 N 55 2.207666 W 1 42.395666
GATE 60 N 55 2.0455 W 1 41.527166
GATE 61 N 55 2.066666 W 1 41.544167
GATE 62 N 55 2.088833 W 1 41.562
GATE 7 N 55 2.219167 W 1 42.356833
GATE 8 N 55 2.2195 W 1 42.3705
GATE 9 N 55 2.2255 W 1 42.384833
ENDGATES
