//EIDW (DUBLIN INTL)
//Worldwide Navigation Database
//Exported via DFD v1.0 19.0603
//Software copyright (c) 2019 Richard Stefan, NAVData-Service
//Support available via forum at http://forum.navigraph.com
//
//Data provided by Navigraph - www.navigraph.com
//Source data copyright (c) 2019 Jeppesen
//This data may be used for ground based recreational computer game
//simulation software only, and may not be recompiled, interpreted,
//or distributed for any purpose without the written consent of Navigraph.
//The contents of this database is dated and must not be used for real
//world navigation as it is unlawful and unsafe to do so.
//
//------------------------------------------------------
//AIRAC Cycle : 1907 (20/JUN/2019 - 18/JUL/2019) - Ver.1
//------------------------------------------------------
FIXES
FIX ABDOX LATLON N 53 17.281667 W 6 9.28
FIX ABIDO LATLON N 52 28.728334 W 5 47.735
FIX ABLIN LATLON N 52 46.966667 W 4 59.55
FIX ADNAL LATLON N 53 41.898334 W 6 35.691667
FIX ADSIS LATLON N 53 41.051666 W 5 39.566666
FIX AKIVA LATLON N 53 38.933333 W 6 27.16
FIX AMDIL LATLON N 53 15.421667 W 5 58.89
FIX APRUT LATLON N 53 41.816666 W 6 45.581666
FIX ARVOK LATLON N 53 9.316667 W 6 3.585
FIX ASDER LATLON N 53 33.778333 W 6 22.44
FIX BABON LATLON N 53 13.055 W 6 30.941666
FIX BAGSO LATLON N 53 40.8 W 5 30
FIX BAL LATLON N 53 17.993333 W 6 26.866667
FIX BAMLI LATLON N 54 8.475 W 6 39.066667
FIX BAPDA LATLON N 53 37.666667 W 6 24.061667
FIX BATED LATLON N 53 29.716667 W 6 6.716666
FIX BEPAN LATLON N 52 31.603333 W 6 15.825
FIX BERMO LATLON N 53 17.648333 W 6 24.846667
FIX BIVDI LATLON N 53 10.991666 W 6 40.093333
FIX BOYNE LATLON N 53 46.026667 W 5 30
FIX BUNED LATLON N 52 37.365 W 6 37.803334
FIX DAP LATLON N 53 25.416667 W 6 18.166667
FIX DER16 LATLON N 53 25.194334 W 6 14.975666
FIX DETAX LATLON N 53 14.511667 W 6 12.593333
FIX DEXEN LATLON N 53 16.816667 W 5 30
FIX DIRUM LATLON N 53 0.161666 W 6 39.666667
FIX DODIG LATLON N 53 57.766667 W 6 29.566667
FIX DUB LATLON N 53 29.963333 W 6 18.426667
FIX DW001 LATLON N 53 18.688333 W 6 8.775
FIX DW002 LATLON N 53 20.858333 W 6 10.838333
FIX DW004 LATLON N 53 14.1 W 6 25.066667
FIX DW005 LATLON N 53 37.605 W 6 37.285
FIX DW006 LATLON N 53 27.121667 W 6 16.373333
FIX DW007 LATLON N 53 20.058334 W 6 11.261666
FIX DW008 LATLON N 53 27.121667 W 6 16.37
FIX DW551 LATLON N 53 24.741667 W 6 6.523333
FIX DW554 LATLON N 53 24.646667 W 6 4.86
FIX DW555 LATLON N 53 20.228333 W 5 53.733334
FIX DW679 LATLON N 53 20.383333 W 6 11.533333
FIX DW682 LATLON N 53 5.698333 W 6 17.265
FIX DW704 LATLON N 53 24.061667 W 5 29.168333
FIX DW705 LATLON N 53 30.776666 W 5 31.44
FIX DW706 LATLON N 53 36.355 W 5 38.115
FIX DW754 LATLON N 53 12.038333 W 6 49.71
FIX DW755 LATLON N 53 15.903334 W 6 57.075
FIX DW814 LATLON N 53 23.791667 W 5 31.685
FIX DW815 LATLON N 53 18.215 W 5 33.776666
FIX DW816 LATLON N 53 13.781666 W 5 38.74
FIX DW865 LATLON N 53 38.713333 W 6 53.973334
FIX DW866 LATLON N 53 33.485 W 6 58.453333
FIX DW931 LATLON N 53 29.75 W 6 8.386667
FIX DWN26 LATLON N 53 30.8 W 6 19.046666
FIX DWN28 LATLON N 53 34.216667 W 6 25.333333
FIX DWN29 LATLON N 53 45.35 W 6 16.35
FIX DWS80 LATLON N 53 16.216667 W 6 10.833334
FIX DWW02 LATLON N 53 24.285 W 6 31.82
FIX DWW04 LATLON N 53 44.298334 W 6 52.881667
FIX DWW06 LATLON N 53 33.25 W 6 37.416667
FIX EKREN LATLON N 53 38.716667 W 5 45.885
FIX ELBON LATLON N 53 35.568334 W 6 9.36
FIX EPIDU LATLON N 53 49.058333 W 6 35.916667
FIX ERUDA LATLON N 53 40.483333 W 6 16.916666
FIX ERVAD LATLON N 53 6.785 W 6 4.673333
FIX GANET LATLON N 53 26.108333 W 6 31.563334
FIX GARTI LATLON N 53 34.213333 W 6 21.535
FIX GIRAS LATLON N 53 38.35 W 5 57.553333
FIX INKUR LATLON N 53 35.855 W 7 23.476667
FIX INTOP LATLON N 53 13.456667 W 6 6.54
FIX IRDEX LATLON N 53 11.751667 W 6 3.835
FIX IRKUM LATLON N 52 59.8 W 5 22.65
FIX KANUS LATLON N 53 6.508333 W 6 26.868334
FIX KEPOR LATLON N 53 10.275 W 6 22.011667
FIX KERAV LATLON N 53 37.711667 W 5 45.955
FIX KISHA LATLON N 53 29.028334 W 5 38.36
FIX KOGAX LATLON N 53 34.31 W 5 38.235
FIX KUDOM LATLON N 53 29.43 W 5 33.238333
FIX LAPMO LATLON N 53 24.183334 W 5 56.735
FIX LEMTA LATLON N 53 43.571666 W 6 3.193333
FIX LIFFY LATLON N 53 28.805 W 5 30
FIX LIPGO LATLON N 53 3.835 W 5 30
FIX MAXEV LATLON N 53 24.558334 W 6 3.288334
FIX MD10 LATLON N 53 25.463333 W 6 19.003333
FIX MD28 LATLON N 53 25.206667 W 6 14.1705
FIX MD28T LATLON N 53 25.151666 W 6 13.528333
FIX MD34 LATLON N 53 24.28 W 6 14.315
FIX NARMU LATLON N 53 26.72 W 5 51.571667
FIX NEKIL LATLON N 53 31.276667 W 6 40.393333
FIX NEPOD LATLON N 52 56.953333 W 6 10.496666
FIX NEVRI LATLON N 54 4.1 W 6 16.19
FIX NIMAT LATLON N 53 57.901667 W 5 44.528333
FIX NITIL LATLON N 53 28 W 6 37.916666
FIX OENB LATLON N 53 25.81 W 6 25.728334
FIX OLAPO LATLON N 53 46.816667 W 7 17.676667
FIX OLONO LATLON N 52 43.385 W 6 46.74
FIX OPNB LATLON N 53 24.828334 W 6 8.301667
FIX ORVEN LATLON N 53 39.891667 W 6 11.496667
FIX OSGAR LATLON N 53 2.965 W 7 16.213333
FIX OSLEX LATLON N 53 21.93 W 6 41.741666
FIX OTNER LATLON N 53 17.25 W 6 18.45
FIX PEKOK LATLON N 53 7.655 W 5 34.013333
FIX PELIG LATLON N 53 11.975 W 7 20
FIX PESIT LATLON N 52 23.943334 W 5 45.4
FIX RISAP LATLON N 53 26.456666 W 6 38.22
FIX RONON LATLON N 53 42.565 W 6 36.32
FIX ROTEV LATLON N 54 1.728334 W 6 3.973333
FIX RUBAR LATLON N 53 8.148334 W 5 48.09
FIX SIVNA LATLON N 53 11.871667 W 5 38.461667
FIX SOPEP LATLON N 53 21.098333 W 5 52.49
FIX SORIN LATLON N 53 8.488333 W 5 48.375
FIX SUGAD LATLON N 53 17.375 W 5 31.663333
FIX SUROX LATLON N 53 59.8 W 6 59.608333
FIX SUTEX LATLON N 52 49.461667 W 6 55.821667
FIX ULTAG LATLON N 53 42.016667 W 6 44.286667
FIX UMDAR LATLON N 53 38.05 W 6 31.6
FIX VATRY LATLON N 52 33.266666 W 5 30
FIX VOR10 LATLON N 53 20.795 W 6 11.805
ENDFIXES

RNWS
RNW 10
RNW 16
RNW 28
RNW 34
ENDRNWS

SIDS
SID ABID1B RNW 28 TRK 279 UNTIL 750 TURN LEFT DIRECT FIX DWS80 FIX DW682 FIX NEPOD FIX ABIDO FIX PESIT
SID ABID1H RNW 34 TRK 341 UNTIL 750 TURN LEFT DIRECT FIX OENB FIX DWW02 AT OR ABOVE 4000 FIX BAL FIX NEPOD FIX ABIDO FIX PESIT
SID ABID2F RNW 10 TRK 099 UNTIL 750 TURN RIGHT DIRECT FIX DW679 FIX IRDEX FIX ERVAD FIX ABIDO FIX PESIT
SID ABID2P RNW 16 TRK 153 UNTIL 750 FIX DW001 FIX NEPOD FIX ABIDO FIX PESIT
SID BAML1B RNW 28 TRK 279 UNTIL 750 TURN RIGHT DIRECT FIX DUB FIX DWN29 FIX BAMLI
SID BAML1H RNW 34 TRK 341 UNTIL 750 FIX DUB FIX DWN29 FIX BAMLI
SID BAML5P RNW 16 FIX OVERFLY DER16 TRK 153 UNTIL 750 TURN LEFT DIRECT FIX OPNB FIX BATED FIX ERUDA FIX DODIG FIX BAMLI
SID BAML6F RNW 10 TRK 099 UNTIL 750 TURN LEFT DIRECT FIX DW931 FIX LEMTA FIX DODIG FIX BAMLI
SID BEPA1B RNW 28 TRK 279 UNTIL 750 TURN LEFT DIRECT FIX DWS80 FIX DW682 FIX NEPOD FIX BEPAN
SID BEPA2E RNW 10 TRK 099 UNTIL 650 FIX OVERFLY DW554 AT OR ABOVE 3000 FIX IRDEX FIX ERVAD FIX NEPOD FIX BEPAN
SID BEPA2F RNW 10 TRK 099 UNTIL 750 TURN RIGHT DIRECT FIX DW679 FIX IRDEX FIX ERVAD FIX NEPOD FIX BEPAN
SID BEPA2M RNW 16 TRK 153 UNTIL 650 FIX OVERFLY DW002 AT OR ABOVE 3000 FIX OVERFLY DW001 FIX NEPOD FIX BEPAN
SID BEPA2P RNW 16 TRK 153 UNTIL 750 FIX DW001 FIX NEPOD FIX BEPAN
SID BEPA5A RNW 28 TRK 279 UNTIL 650 FIX OVERFLY OENB AT OR ABOVE 3000 TURN LEFT DIRECT FIX BAL FIX NEPOD FIX BEPAN
SID BEPA5G RNW 34 TRK 341 UNTIL 650 FIX OVERFLY DWN26 AT OR ABOVE 3000 TURN LEFT DIRECT FIX BAL FIX NEPOD FIX BEPAN
SID BEPA5H RNW 34 TRK 341 UNTIL 750 TURN LEFT DIRECT FIX OENB FIX DWW02 AT OR ABOVE 4000 FIX BAL FIX NEPOD FIX BEPAN
SID DEXE1A RNW 28 TRK 279 UNTIL 650 FIX OVERFLY OENB AT OR ABOVE 3000 TURN LEFT DIRECT FIX DEXEN AT OR ABOVE 12000
SID DEXE2E RNW 10 TRK 099 UNTIL 650 FIX OVERFLY DW554 AT OR ABOVE 3000 FIX DW555 FIX DEXEN AT OR ABOVE 12000
SID DEXE2M RNW 16 TRK 153 UNTIL 650 FIX OVERFLY DW002 AT OR ABOVE 3000 FIX OVERFLY DW001 FIX DEXEN
SID INKU1G RNW 34 TRK 341 UNTIL 650 FIX OVERFLY DWN26 AT OR ABOVE 3000 FIX DWW06 FIX INKUR
SID INKU5A RNW 28 TRK 279 UNTIL 650 FIX OVERFLY OENB AT OR ABOVE 3000 FIX INKUR
SID INKU5B RNW 28 TRK 279 UNTIL 750 TURN RIGHT DIRECT FIX DUB FIX DWN28 FIX INKUR
SID INKU5P RNW 16 FIX OVERFLY DER16 TRK 153 UNTIL 750 TURN RIGHT DIRECT FIX OENB FIX INKUR
SID INKU6E RNW 10 TRK 099 UNTIL 650 FIX OVERFLY DW551 AT OR ABOVE 3000 TURN LEFT DIRECT FIX LEMTA FIX DODIG FIX INKUR
SID INKU6F RNW 10 TRK 099 UNTIL 750 TURN LEFT DIRECT FIX DW931 FIX LEMTA FIX DODIG FIX INKUR
SID INKU6M RNW 16 TRK 153 UNTIL 650 FIX OVERFLY DW002 AT OR ABOVE 3000 SPEED 185 FIX DW004 SPEED 185 FIX NITIL FIX INKUR
SID KISH1B RNW 28 TRK 279 UNTIL 750 TURN RIGHT DIRECT FIX DUB FIX KISHA FIX LIFFY
SID KISH1H RNW 34 TRK 341 UNTIL 750 TURN RIGHT DIRECT FIX BATED FIX KISHA FIX LIFFY
SID KISH1P RNW 16 FIX OVERFLY DER16 TRK 153 UNTIL 750 TURN LEFT DIRECT FIX OPNB FIX BATED FIX KISHA FIX LIFFY
SID KISH2F RNW 10 TRK 099 UNTIL 750 TURN LEFT DIRECT FIX DW931 FIX KISHA FIX LIFFY
SID LIFY2E RNW 10 TRK 099 UNTIL 650 FIX OVERFLY DW551 AT OR ABOVE 3000 FIX LIFFY
SID LIFY5A RNW 28 TRK 279 UNTIL 650 FIX OVERFLY OENB AT OR ABOVE 3000 TURN RIGHT DIRECT FIX DUB FIX LIFFY
SID LIFY5G RNW 34 TRK 341 UNTIL 650 FIX OVERFLY DWN26 AT OR ABOVE 3000 TURN RIGHT DIRECT FIX BATED FIX LIFFY
SID LIFY6M RNW 16 TRK 153 UNTIL 650 FIX OVERFLY DW002 AT OR ABOVE 3000 TURN LEFT DIRECT FIX LIFFY
SID NEVR1A RNW 28 TRK 279 UNTIL 650 FIX OVERFLY OENB AT OR ABOVE 3000 TURN RIGHT DIRECT FIX DWN29 FIX NEVRI
SID NEVR1B RNW 28 TRK 279 UNTIL 750 TURN RIGHT DIRECT FIX DUB FIX DWN29 FIX NEVRI
SID NEVR1G RNW 34 TRK 341 UNTIL 650 FIX OVERFLY DWN26 AT OR ABOVE 3000 FIX DWN29 FIX NEVRI
SID NEVR1H RNW 34 TRK 341 UNTIL 750 FIX DUB FIX DWN29 FIX NEVRI
SID NEVR5P RNW 16 FIX OVERFLY DER16 TRK 153 UNTIL 750 TURN LEFT DIRECT FIX OPNB FIX BATED FIX ERUDA FIX NEVRI
SID NEVR6E RNW 10 TRK 099 UNTIL 650 FIX OVERFLY DW551 AT OR ABOVE 3000 TURN LEFT DIRECT FIX LEMTA FIX NEVRI
SID NEVR6F RNW 10 TRK 099 UNTIL 750 TURN LEFT DIRECT FIX DW931 FIX LEMTA FIX NEVRI
SID NEVR6M RNW 16 TRK 153 UNTIL 650 FIX OVERFLY DW002 AT OR ABOVE 3000 SPEED 185 TURN LEFT DIRECT FIX OVERFLY BATED SPEED 185 FIX ERUDA FIX NEVRI
SID OLON1B RNW 28 TRK 279 UNTIL 750 TURN LEFT DIRECT FIX DWS80 FIX DW682 FIX NEPOD FIX OLONO
SID OLON2E RNW 10 TRK 099 UNTIL 650 FIX OVERFLY DW554 AT OR ABOVE 3000 FIX IRDEX FIX ERVAD FIX NEPOD FIX OLONO
SID OLON2F RNW 10 TRK 099 UNTIL 750 TURN RIGHT DIRECT FIX DW679 FIX IRDEX FIX ERVAD FIX NEPOD FIX OLONO
SID OLON2M RNW 16 TRK 153 UNTIL 650 FIX OVERFLY DW002 AT OR ABOVE 3000 FIX OVERFLY DW001 FIX NEPOD FIX OLONO
SID OLON2P RNW 16 TRK 153 UNTIL 750 FIX DW001 FIX NEPOD FIX OLONO
SID OLON5A RNW 28 TRK 279 UNTIL 650 FIX OVERFLY OENB AT OR ABOVE 3000 TURN LEFT DIRECT FIX BAL FIX NEPOD FIX OLONO
SID OLON5G RNW 34 TRK 341 UNTIL 650 FIX OVERFLY DWN26 AT OR ABOVE 3000 TURN LEFT DIRECT FIX BAL FIX NEPOD FIX OLONO
SID OLON5H RNW 34 TRK 341 UNTIL 750 TURN LEFT DIRECT FIX OENB FIX DWW02 AT OR ABOVE 4000 FIX BAL FIX NEPOD FIX OLONO
SID PELI5A RNW 28 TRK 279 UNTIL 650 FIX OVERFLY OENB AT OR ABOVE 3000 FIX PELIG
SID PELI5G RNW 34 TRK 341 UNTIL 650 FIX OVERFLY DWN26 AT OR ABOVE 3000 TURN LEFT DIRECT FIX PELIG
SID PELI5H RNW 34 TRK 341 UNTIL 750 TURN LEFT DIRECT FIX OENB FIX DWW02 AT OR ABOVE 4000 FIX PELIG
SID PELI6M RNW 16 TRK 153 UNTIL 650 FIX OVERFLY DW002 AT OR ABOVE 3000 SPEED 185 FIX DW004 SPEED 185 FIX PELIG
SID PESI2E RNW 10 TRK 099 UNTIL 650 FIX OVERFLY DW554 AT OR ABOVE 3000 FIX IRDEX FIX ERVAD FIX PESIT
SID PESI2M RNW 16 TRK 153 UNTIL 650 FIX OVERFLY DW002 AT OR ABOVE 3000 FIX OVERFLY DW001 FIX NEPOD FIX PESIT
SID PESI5A RNW 28 TRK 279 UNTIL 650 FIX OVERFLY OENB AT OR ABOVE 3000 TURN LEFT DIRECT FIX BAL FIX NEPOD FIX PESIT
SID PESI5G RNW 34 TRK 341 UNTIL 650 FIX OVERFLY DWN26 AT OR ABOVE 3000 TURN LEFT DIRECT FIX BAL FIX NEPOD FIX PESIT
SID ROTE1A RNW 28 TRK 279 UNTIL 650 FIX OVERFLY OENB AT OR ABOVE 3000 TURN RIGHT DIRECT FIX DWN29 FIX ROTEV
SID ROTE1B RNW 28 TRK 279 UNTIL 750 TURN RIGHT DIRECT FIX DUB FIX DWN29 FIX ROTEV
SID ROTE1G RNW 34 TRK 341 UNTIL 650 FIX OVERFLY DWN26 AT OR ABOVE 3000 FIX DWN29 FIX ROTEV
SID ROTE1H RNW 34 TRK 341 UNTIL 750 FIX DUB FIX DWN29 FIX ROTEV
SID ROTE5P RNW 16 FIX OVERFLY DER16 TRK 153 UNTIL 750 TURN LEFT DIRECT FIX OPNB FIX BATED FIX ERUDA FIX ROTEV
SID ROTE6E RNW 10 TRK 099 UNTIL 650 FIX OVERFLY DW551 AT OR ABOVE 3000 TURN LEFT DIRECT FIX LEMTA FIX ROTEV
SID ROTE6F RNW 10 TRK 099 UNTIL 750 TURN LEFT DIRECT FIX DW931 FIX LEMTA FIX ROTEV
SID ROTE6M RNW 16 TRK 153 UNTIL 650 FIX OVERFLY DW002 AT OR ABOVE 3000 SPEED 185 TURN LEFT DIRECT FIX OVERFLY BATED SPEED 185 FIX ERUDA FIX ROTEV
SID SURO1A RNW 28 TRK 279 UNTIL 650 FIX OVERFLY OENB AT OR ABOVE 3000 TURN RIGHT DIRECT FIX DWW04 FIX SUROX
SID SURO1B RNW 28 TRK 279 UNTIL 750 TURN RIGHT DIRECT FIX DUB FIX DWN28 FIX DWW04 FIX SUROX
SID SURO1G RNW 34 TRK 341 UNTIL 650 FIX OVERFLY DWN26 AT OR ABOVE 3000 FIX DWW06 FIX DWW04 FIX SUROX
SID SURO1H RNW 34 TRK 341 UNTIL 750 FIX DUB FIX DWN28 FIX DWW04 FIX SUROX
SID SURO5P RNW 16 FIX OVERFLY DER16 TRK 153 UNTIL 750 TURN LEFT DIRECT FIX OPNB FIX BATED FIX ERUDA FIX DODIG FIX SUROX
SID SURO6E RNW 10 TRK 099 UNTIL 650 FIX OVERFLY DW551 AT OR ABOVE 3000 TURN LEFT DIRECT FIX LEMTA FIX DODIG FIX SUROX
SID SURO6F RNW 10 TRK 099 UNTIL 750 TURN LEFT DIRECT FIX DW931 FIX LEMTA FIX DODIG FIX SUROX
SID SURO6M RNW 16 TRK 153 UNTIL 650 FIX OVERFLY DW002 AT OR ABOVE 3000 SPEED 185 TURN LEFT DIRECT FIX OVERFLY BATED SPEED 185 FIX ERUDA FIX DODIG FIX SUROX
ENDSIDS

STARS
STAR ABLI1L FIX ABLIN AT OR BELOW 18000 AT OR ABOVE 15000 FIX IRKUM AT OR ABOVE 9000 FIX LIPGO SPEED 240 FIX PEKOK 7000 FIX SIVNA 7000 SPEED 230 FIX SUGAD 7000 SPEED 230 FIX DW704 7000 SPEED 230 FIX DW705 7000 SPEED 230 FIX DW706 7000 SPEED 230 FIX SOPEP FIX LAPMO AT OR ABOVE 3000 SPEED 180
  RNW 28
STAR ABLI1X FIX ABLIN AT OR BELOW 18000 AT OR ABOVE 15000 FIX IRKUM AT OR ABOVE 9000 FIX LIPGO SPEED 240 FIX PEKOK 7000 FIX SIVNA 7000 SPEED 230 FIX SOPEP FIX LAPMO AT OR ABOVE 3000 SPEED 180
  RNW 28
STAR BAGS1K FIX BAGSO FIX ADSIS FIX KERAV AT OR ABOVE 6000 SPEED 230
  RNW 10 RNW 16 RNW 28 RNW 34
STAR BAGS1L FIX BAGSO AT OR BELOW 10000 SPEED 250 FIX ADSIS FIX KERAV 8000 SPEED 230 FIX KOGAX 8000 SPEED 230 FIX KUDOM 8000 SPEED 230 FIX DW814 8000 SPEED 230 FIX DW815 8000 SPEED 230 FIX DW816 8000 SPEED 230 FIX NARMU FIX LAPMO AT OR ABOVE 3000 SPEED 180
  RNW 28
STAR BAGS1R FIX BAGSO FIX EKREN FIX ELBON FIX ASDER 8000 SPEED 230 FIX AKIVA 8000 SPEED 230 FIX ADNAL 8000 SPEED 230 FIX APRUT 8000 SPEED 230 FIX DW865 8000 SPEED 230 FIX DW866 8000 SPEED 230 FIX NEKIL AT OR ABOVE 4000
  RNW 10
STAR BAGS1X FIX BAGSO AT OR BELOW 10000 SPEED 250 FIX ADSIS FIX KERAV 8000 SPEED 230 FIX OVERFLY KOGAX 8000 SPEED 230 FIX NARMU FIX LAPMO AT OR ABOVE 3000 SPEED 180
  RNW 28
STAR BAGS1Z FIX BAGSO FIX EKREN FIX ELBON FIX ASDER 8000 SPEED 230 FIX AKIVA 8000 SPEED 230 FIX NEKIL AT OR ABOVE 4000
  RNW 10
STAR BAML1K FIX BAMLI FIX RONON FIX ORVEN SPEED 250 FIX GIRAS FIX KERAV AT OR ABOVE 6000 SPEED 230
  RNW 34
STAR BAML1L FIX BAMLI FIX RONON FIX ORVEN FIX GIRAS FIX KERAV 8000 SPEED 230 FIX KOGAX 8000 SPEED 230 FIX KUDOM 8000 SPEED 230 FIX DW814 8000 SPEED 230 FIX DW815 8000 SPEED 230 FIX DW816 8000 SPEED 230 FIX NARMU FIX LAPMO AT OR ABOVE 3000 SPEED 180
  RNW 28
STAR BAML1R FIX BAMLI FIX EPIDU SPEED 230 FIX ADNAL 8000 SPEED 230 FIX APRUT 8000 SPEED 230 FIX DW865 8000 SPEED 230 FIX DW866 8000 SPEED 230 FIX NEKIL AT OR ABOVE 4000
  RNW 10
STAR BAML1X FIX BAMLI FIX RONON FIX ORVEN FIX GIRAS FIX KERAV 8000 SPEED 230 FIX OVERFLY KOGAX 8000 SPEED 230 FIX NARMU FIX LAPMO AT OR ABOVE 3000 SPEED 180
  RNW 28
STAR BAML1Z FIX BAMLI FIX EPIDU SPEED 230 FIX ADNAL 8000 SPEED 230 FIX APRUT 8000 SPEED 230 FIX NEKIL AT OR ABOVE 4000
  RNW 10
STAR BOYN1K FIX BOYNE FIX ADSIS FIX KERAV AT OR ABOVE 6000 SPEED 230
  RNW 10 RNW 16 RNW 28 RNW 34
STAR BOYN1L FIX BOYNE FIX ADSIS FIX KERAV 8000 SPEED 230 FIX KOGAX 8000 SPEED 230 FIX KUDOM 8000 SPEED 230 FIX DW814 8000 SPEED 230 FIX DW815 8000 SPEED 230 FIX DW816 8000 SPEED 230 FIX NARMU FIX LAPMO AT OR ABOVE 3000 SPEED 180
  RNW 28
STAR BOYN1R FIX BOYNE FIX EKREN FIX ELBON FIX ASDER 8000 SPEED 230 FIX AKIVA 8000 SPEED 230 FIX ADNAL 8000 SPEED 230 FIX APRUT 8000 SPEED 230 FIX DW865 8000 SPEED 230 FIX DW866 8000 SPEED 230 FIX NEKIL AT OR ABOVE 4000
  RNW 10
STAR BOYN1X FIX BOYNE FIX ADSIS FIX KERAV 8000 SPEED 230 FIX OVERFLY KOGAX 8000 SPEED 230 FIX NARMU FIX LAPMO AT OR ABOVE 3000 SPEED 180
  RNW 28
STAR BOYN1Z FIX BOYNE FIX EKREN FIX ELBON FIX ASDER 8000 SPEED 230 FIX AKIVA 8000 SPEED 230 FIX NEKIL AT OR ABOVE 4000
  RNW 10
STAR BUNE1L FIX BUNED FIX DIRUM FIX KEPOR FIX ARVOK FIX SORIN 7000 SPEED 230 FIX SIVNA 7000 SPEED 230 FIX SUGAD 7000 SPEED 230 FIX DW704 7000 SPEED 230 FIX DW705 7000 SPEED 230 FIX DW706 7000 SPEED 230 FIX SOPEP FIX LAPMO AT OR ABOVE 3000 SPEED 180
  RNW 28
STAR BUNE1R FIX BUNED AT OR BELOW 20000 FIX DIRUM FIX KANUS SPEED 230 FIX BABON 7000 SPEED 230 FIX BIVDI 7000 SPEED 230 FIX DW754 7000 SPEED 230 FIX DW755 7000 SPEED 230 FIX OSLEX AT OR ABOVE 5000
  RNW 10
STAR BUNE1S FIX BUNED FIX DIRUM FIX KEPOR SPEED 250 FIX ARVOK FIX SORIN AT OR ABOVE 6000 SPEED 230
  RNW 34
STAR BUNE1X FIX BUNED FIX DIRUM FIX KEPOR FIX ARVOK FIX SORIN 7000 SPEED 230 FIX SIVNA 7000 SPEED 230 FIX SOPEP FIX LAPMO AT OR ABOVE 3000 SPEED 180
  RNW 28
STAR BUNE1Z FIX BUNED AT OR BELOW 20000 FIX DIRUM FIX KANUS SPEED 230 FIX BABON 7000 SPEED 230 FIX BIVDI 7000 SPEED 230 FIX OSLEX AT OR ABOVE 5000
  RNW 10
STAR BUNE5U FIX BUNED FIX DIRUM FIX KEPOR FIX OTNER SPEED 250 FIX DW005 FIX ULTAG AT OR ABOVE 6000 SPEED 220
  RNW 16
STAR LIPG1R FIX LIPGO FIX RUBAR FIX DETAX FIX BERMO 7000 SPEED 230 FIX BABON 7000 SPEED 230 FIX BIVDI 7000 SPEED 230 FIX DW754 7000 SPEED 230 FIX DW755 7000 SPEED 230 FIX OSLEX AT OR ABOVE 5000
  RNW 10
STAR LIPG1S FIX LIPGO FIX SORIN AT OR ABOVE 6000 SPEED 230
  RNW 34
STAR LIPG1Z FIX LIPGO FIX RUBAR FIX DETAX FIX BERMO 7000 SPEED 230 FIX BABON 7000 SPEED 230 FIX OSLEX AT OR ABOVE 5000
  RNW 10
STAR LIPG2U FIX LIPGO FIX RUBAR FIX OTNER SPEED 250 FIX DW005 FIX ULTAG AT OR ABOVE 6000 SPEED 220
  RNW 16
STAR NIMA1K FIX NIMAT FIX KERAV AT OR ABOVE 6000 SPEED 230
  RNW 10 RNW 16 RNW 28 RNW 34
STAR NIMA1L FIX NIMAT FIX KERAV 8000 SPEED 230 FIX KOGAX 8000 SPEED 230 FIX KUDOM 8000 SPEED 230 FIX DW814 8000 SPEED 230 FIX DW815 8000 SPEED 230 FIX DW816 8000 SPEED 230 FIX NARMU FIX LAPMO AT OR ABOVE 3000 SPEED 180
  RNW 28
STAR NIMA1R FIX NIMAT FIX EKREN FIX ELBON FIX ASDER 8000 SPEED 230 FIX AKIVA 8000 SPEED 230 FIX ADNAL 8000 SPEED 230 FIX APRUT 8000 SPEED 230 FIX DW865 8000 SPEED 230 FIX DW866 8000 SPEED 230 FIX NEKIL AT OR ABOVE 4000
  RNW 10
STAR NIMA1X FIX NIMAT FIX KERAV 8000 SPEED 230 FIX OVERFLY KOGAX 8000 SPEED 230 FIX NARMU FIX LAPMO AT OR ABOVE 3000 SPEED 180
  RNW 28
STAR NIMA1Z FIX NIMAT FIX EKREN FIX ELBON FIX ASDER 8000 SPEED 230 FIX AKIVA 8000 SPEED 230 FIX NEKIL AT OR ABOVE 4000
  RNW 10
STAR OLAP1K FIX OLAPO FIX RONON FIX ORVEN SPEED 250 FIX GIRAS FIX KERAV AT OR ABOVE 6000 SPEED 230
  RNW 34
STAR OLAP1L FIX OLAPO FIX RONON FIX ORVEN FIX GIRAS FIX KERAV 8000 SPEED 230 FIX KOGAX 8000 SPEED 230 FIX KUDOM 8000 SPEED 230 FIX DW814 8000 SPEED 230 FIX DW815 8000 SPEED 230 FIX DW816 8000 SPEED 230 FIX NARMU FIX LAPMO AT OR ABOVE 3000 SPEED 180
  RNW 28
STAR OLAP1R FIX OLAPO AT OR BELOW 17000 FIX EPIDU SPEED 230 FIX ADNAL 8000 SPEED 230 FIX APRUT 8000 SPEED 230 FIX DW865 8000 SPEED 230 FIX DW866 8000 SPEED 230 FIX NEKIL AT OR ABOVE 4000
  RNW 10
STAR OLAP1X FIX OLAPO FIX RONON FIX ORVEN FIX GIRAS FIX KERAV 8000 SPEED 230 FIX OVERFLY KOGAX 8000 SPEED 230 FIX NARMU FIX LAPMO AT OR ABOVE 3000 SPEED 180
  RNW 28
STAR OLAP1Z FIX OLAPO AT OR BELOW 17000 FIX EPIDU SPEED 230 FIX ADNAL 8000 SPEED 230 FIX APRUT 8000 SPEED 230 FIX NEKIL AT OR ABOVE 4000
  RNW 10
STAR OLAP4U FIX OLAPO FIX ULTAG AT OR ABOVE 6000 SPEED 220
  RNW 16
STAR OSGA1L FIX OSGAR FIX DIRUM FIX KEPOR FIX ARVOK FIX SORIN 7000 SPEED 230 FIX SIVNA 7000 SPEED 230 FIX SUGAD 7000 SPEED 230 FIX DW704 7000 SPEED 230 FIX DW705 7000 SPEED 230 FIX DW706 7000 SPEED 230 FIX SOPEP FIX LAPMO AT OR ABOVE 3000 SPEED 180
  RNW 28
STAR OSGA1R FIX OSGAR AT OR BELOW 20000 FIX DIRUM FIX KANUS SPEED 230 FIX BABON 7000 SPEED 230 FIX BIVDI 7000 SPEED 230 FIX DW754 7000 SPEED 230 FIX DW755 7000 SPEED 230 FIX OSLEX AT OR ABOVE 5000
  RNW 10
STAR OSGA1S FIX OSGAR FIX DIRUM FIX KEPOR SPEED 250 FIX ARVOK FIX SORIN AT OR ABOVE 6000 SPEED 230
  RNW 34
STAR OSGA1X FIX OSGAR FIX DIRUM FIX KEPOR FIX ARVOK FIX SORIN 7000 SPEED 230 FIX SIVNA 7000 SPEED 230 FIX SOPEP FIX LAPMO AT OR ABOVE 3000 SPEED 180
  RNW 28
STAR OSGA1Z FIX OSGAR AT OR BELOW 20000 FIX DIRUM FIX KANUS SPEED 230 FIX BABON 7000 SPEED 230 FIX BIVDI 7000 SPEED 230 FIX OSLEX AT OR ABOVE 5000
  RNW 10
STAR OSGA5U FIX OSGAR FIX DIRUM FIX KEPOR FIX OTNER SPEED 250 FIX DW005 FIX ULTAG AT OR ABOVE 6000 SPEED 220
  RNW 16
STAR SUTE1L FIX SUTEX FIX DIRUM FIX KEPOR FIX ARVOK FIX SORIN 7000 SPEED 230 FIX SIVNA 7000 SPEED 230 FIX SUGAD 7000 SPEED 230 FIX DW704 7000 SPEED 230 FIX DW705 7000 SPEED 230 FIX DW706 7000 SPEED 230 FIX SOPEP FIX LAPMO AT OR ABOVE 3000 SPEED 180
  RNW 28
STAR SUTE1R FIX SUTEX AT OR BELOW 20000 FIX DIRUM FIX KANUS SPEED 230 FIX BABON 7000 SPEED 230 FIX BIVDI 7000 SPEED 230 FIX DW754 7000 SPEED 230 FIX DW755 7000 SPEED 230 FIX OSLEX AT OR ABOVE 5000
  RNW 10
STAR SUTE1S FIX SUTEX FIX DIRUM FIX KEPOR SPEED 250 FIX ARVOK FIX SORIN AT OR ABOVE 6000 SPEED 230
  RNW 34
STAR SUTE1X FIX SUTEX FIX DIRUM FIX KEPOR FIX ARVOK FIX SORIN 7000 SPEED 230 FIX SIVNA 7000 SPEED 230 FIX SOPEP FIX LAPMO AT OR ABOVE 3000 SPEED 180
  RNW 28
STAR SUTE1Z FIX SUTEX AT OR BELOW 20000 FIX DIRUM FIX KANUS SPEED 230 FIX BABON 7000 SPEED 230 FIX BIVDI 7000 SPEED 230 FIX OSLEX AT OR ABOVE 5000
  RNW 10
STAR SUTE5U FIX SUTEX FIX DIRUM FIX KEPOR FIX OTNER SPEED 250 FIX DW005 FIX ULTAG AT OR ABOVE 6000 SPEED 220
  RNW 16
STAR VATR1L FIX VATRY FIX SORIN 7000 SPEED 230 FIX SIVNA 7000 SPEED 230 FIX SUGAD 7000 SPEED 230 FIX DW704 7000 SPEED 230 FIX DW705 7000 SPEED 230 FIX DW706 7000 SPEED 230 FIX SOPEP FIX LAPMO AT OR ABOVE 3000 SPEED 180
  RNW 28
STAR VATR1R FIX VATRY FIX RUBAR FIX DETAX FIX BERMO 7000 SPEED 230 FIX BABON 7000 SPEED 230 FIX BIVDI 7000 SPEED 230 FIX DW754 7000 SPEED 230 FIX DW755 7000 SPEED 230 FIX OSLEX AT OR ABOVE 5000
  RNW 10
STAR VATR1S FIX VATRY FIX SORIN AT OR ABOVE 6000 SPEED 230
  RNW 34
STAR VATR1X FIX VATRY FIX SORIN 7000 SPEED 230 FIX SIVNA 7000 SPEED 230 FIX SOPEP FIX LAPMO AT OR ABOVE 3000 SPEED 180
  RNW 28
STAR VATR1Z FIX VATRY FIX RUBAR FIX DETAX FIX BERMO 7000 SPEED 230 FIX BABON 7000 SPEED 230 FIX OSLEX AT OR ABOVE 5000
  RNW 10
STAR VATR2U FIX VATRY FIX RUBAR FIX OTNER SPEED 250 FIX DW005 FIX ULTAG AT OR ABOVE 6000 SPEED 220
  RNW 16
ENDSTARS

APPROACHES
APPROACH VDM10 FIX RISAP AT OR ABOVE 3000 FIX GANET 3000 FIX MD10 603 RNW 10 FIX OVERFLY MAXEV AT OR BELOW 3000 TURN LEFT DIRECT FIX DUB AT OR ABOVE 5000 SPEED 220
 TRANSITION RISAP HOLD AT FIX RISAP LEFT TURN INBOUNDCOURSE 098 ALT 3000 SPEED 220 LEGTIME 1
APPROACH VDM16 FIX BAPDA AT OR ABOVE 3000 SPEED 180 FIX GARTI 3000 SPEED 160 FIX DUB AT OR ABOVE 1570 FIX DW008 585 RNW 16 FIX OVERFLY DW007 AT OR BELOW 3000 TURN LEFT DIRECT FIX KERAV 5000
 TRANSITION KERAV FIX KERAV AT OR ABOVE 6000 FIX ERUDA SPEED 210
 TRANSITION ULTAG FIX ULTAG AT OR ABOVE 6000 FIX UMDAR SPEED 210
APPROACH VDM28 FIX LAPMO AT OR ABOVE 3000 FIX MAXEV 2500 FIX MD28 422 RNW 28 FIX OVERFLY GANET AT OR BELOW 3000 TURN RIGHT DIRECT FIX DUB AT OR ABOVE 5000 SPEED 220
APPROACH VDMT28 FIX LAPMO AT OR ABOVE 3000 FIX MAXEV 2500 FIX MD28T 543 RNW 28 FIX OVERFLY GANET AT OR BELOW 3000 TURN RIGHT DIRECT FIX DUB AT OR ABOVE 5000 SPEED 220
 TRANSITION LAPMO HOLD AT FIX LAPMO LEFT TURN INBOUNDCOURSE 279 ALT 3000 SPEED 220 LEGTIME 1
APPROACH VDM34 FIX INTOP AT OR ABOVE 3000 SPEED 180 FIX ABDOX 3000 FIX VOR10 AT OR ABOVE 1780 FIX MD34 570 RNW 34 FIX OVERFLY BAPDA AT OR BELOW 3000 TURN LEFT DIRECT FIX DAP 5000 FIX SORIN
 TRANSITION KERAV FIX KERAV AT OR ABOVE 6000 SPEED 230 FIX AMDIL
 TRANSITION SORIN FIX SORIN AT OR ABOVE 6000 SPEED 230
APPROACH ILS10 FIX RISAP AT OR ABOVE 3000 FIX GANET 3000 RNW 10 FIX OVERFLY MAXEV AT OR BELOW 3000 TURN LEFT DIRECT FIX DUB AT OR ABOVE 5000 SPEED 220
 TRANSITION RISAP HOLD AT FIX RISAP LEFT TURN INBOUNDCOURSE 098 ALT 3000 SPEED 220 LEGTIME 1
APPROACH ILS16 FIX BAPDA AT OR ABOVE 3000 SPEED 180 FIX GARTI 3000 RNW 16 FIX OVERFLY DW007 AT OR BELOW 3000 TURN LEFT DIRECT FIX KERAV 5000 HOLD AT FIX KERAV RIGHT TURN INBOUNDCOURSE 209 ALT 5000 SPEED 230 LEGTIME 1
 TRANSITION KERAV FIX KERAV AT OR ABOVE 6000 FIX ERUDA
 TRANSITION ULTAG FIX ULTAG AT OR ABOVE 6000 FIX UMDAR
APPROACH ILS28 FIX LAPMO AT OR ABOVE 3000 FIX MAXEV 2500 SPEED 160 RNW 28 FIX OVERFLY GANET AT OR BELOW 3000 TURN RIGHT DIRECT FIX DUB AT OR ABOVE 5000 SPEED 220
 TRANSITION LAPMO HOLD AT FIX LAPMO LEFT TURN INBOUNDCOURSE 279 ALT 3000 SPEED 220 LEGTIME 1
APPROACH RNV10 FIX RISAP AT OR ABOVE 3000 FIX GANET 3000 RNW 10 FIX OVERFLY MAXEV AT OR BELOW 3000 SPEED 220 TURN LEFT DIRECT FIX DUB 5000 SPEED 220
 TRANSITION NEKIL FIX NEKIL AT OR ABOVE 4000 SPEED 230
 TRANSITION OSLEX FIX OSLEX AT OR ABOVE 5000 SPEED 230
APPROACH RNV16 FIX BAPDA AT OR ABOVE 3000 FIX GARTI 3000 FIX OVERFLY DUB AT OR ABOVE 1570 FIX OVERFLY DW006 585 RNW 16 FIX OVERFLY DW007 AT OR BELOW 3000 TRK 160 UNTIL 5000 TURN LEFT DIRECT FIX KERAV AT OR ABOVE 5000
 TRANSITION KERAV FIX KERAV AT OR ABOVE 5000 SPEED 230 FIX ERUDA AT OR ABOVE 3000
 TRANSITION UMDAR FIX UMDAR AT OR ABOVE 5000 SPEED 230
APPROACH RNV28 FIX LAPMO AT OR ABOVE 3000 FIX MAXEV 2500 RNW 28 FIX OVERFLY GANET AT OR BELOW 3000 SPEED 220 TURN RIGHT DIRECT FIX DUB 5000 SPEED 220
 TRANSITION LAPMO HOLD AT FIX LAPMO LEFT TURN INBOUNDCOURSE 279 ALT 3000 SPEED 220 LEGTIME 1
APPROACH RNV34 FIX INTOP AT OR ABOVE 3000 SPEED 180 FIX ABDOX 3000 SPEED 160 RNW 34 FIX OVERFLY BAPDA AT OR BELOW 3000 TURN LEFT DIRECT FIX DAP 5000 FIX SORIN 5000 SPEED 230
 TRANSITION KERAV FIX KERAV AT OR ABOVE 6000 SPEED 230 FIX AMDIL
 TRANSITION SORIN FIX SORIN AT OR ABOVE 6000 SPEED 230
ENDAPPROACHES

GATES
GATE 0 N 53 25.28 W 6 16.2045
GATE 100 N 53 25.916 W 6 14.425333
GATE 101 N 53 25.838 W 6 14.295334
GATE 101S N 53 25.852166 W 6 14.2765
GATE 102 N 53 25.840166 W 6 14.2705
GATE 103 N 53 25.832666 W 6 14.266834
GATE 103C N 53 25.8265 W 6 14.2275
GATE 103L N 53 25.824667 W 6 14.2095
GATE 103R N 53 25.8395 W 6 14.2405
GATE 104 N 53 25.833167 W 6 14.245
GATE 104C N 53 25.819834 W 6 14.130334
GATE 104L N 53 25.818167 W 6 14.132167
GATE 104R N 53 25.823 W 6 14.167834
GATE 105 N 53 25.82 W 6 14.177833
GATE 106 N 53 25.817167 W 6 14.159333
GATE 107 N 53 25.8465 W 6 14.781334
GATE 107L N 53 25.844167 W 6 14.729833
GATE 107R N 53 25.8455 W 6 14.7875
GATE 108C N 53 25.8525 W 6 14.838167
GATE 108L N 53 25.850833 W 6 14.820167
GATE 108R N 53 25.853 W 6 14.859167
GATE 109C N 53 25.856833 W 6 14.915833
GATE 109L N 53 25.855166 W 6 14.898334
GATE 109R N 53 25.857334 W 6 14.9375
GATE 110 N 53 25.7945 W 6 14.955833
GATE 110C N 53 25.8605 W 6 14.990167
GATE 110L N 53 25.8595 W 6 14.9765
GATE 110R N 53 25.861667 W 6 15.015667
GATE 111 N 53 25.774 W 6 14.980667
GATE 111C N 53 25.865167 W 6 15.0675
GATE 111L N 53 25.8705 W 6 15.053666
GATE 111R N 53 25.8725 W 6 15.092833
GATE 112 N 53 25.911 W 6 15.117833
GATE 112S N 53 25.9255 W 6 15.121834
GATE 113 N 53 25.755667 W 6 15.030334
GATE 114 N 53 25.762333 W 6 15.0605
GATE 116 N 53 25.967666 W 6 15.251666
GATE 117 N 53 25.951166 W 6 15.203
GATE 118 N 53 25.858333 W 6 15.1325
GATE 118C N 53 25.916833 W 6 15.161666
GATE 118L N 53 25.929667 W 6 15.177667
GATE 118R N 53 25.902667 W 6 15.165167
GATE 118S N 53 25.910167 W 6 15.172667
GATE 119 N 53 25.872334 W 6 15.1325
GATE 119C N 53 25.872 W 6 15.1285
GATE 119L N 53 25.8815 W 6 15.149
GATE 119R N 53 25.863 W 6 15.121834
GATE 119S N 53 25.8655 W 6 15.140666
GATE 120 N 53 25.880666 W 6 15.1485
GATE 120C N 53 25.833167 W 6 15.100166
GATE 120L N 53 25.836667 W 6 15.125
GATE 120R N 53 25.817 W 6 15.102167
GATE 121 N 53 25.815833 W 6 15.043333
GATE 122 N 53 25.813667 W 6 15.004333
GATE 123 N 53 25.8115 W 6 14.965166
GATE 124 N 53 25.809334 W 6 14.926
GATE 124T N 53 25.8035 W 6 14.941166
GATE 125 N 53 25.807166 W 6 14.887
GATE 126 N 53 25.805 W 6 14.847833
GATE 127 N 53 25.802833 W 6 14.808833
GATE 133 N 53 25.8665 W 6 14.9355
GATE 134 N 53 25.864333 W 6 14.895667
GATE 135 N 53 25.864 W 6 14.888167
GATE 136 N 53 25.862167 W 6 14.855833
GATE 137 N 53 25.8635 W 6 14.832
GATE 138 N 53 25.859833 W 6 14.816
GATE 139 N 53 25.858 W 6 14.784833
GATE 200C N 53 25.7255 W 6 14.8575
GATE 200L N 53 25.729333 W 6 14.837666
GATE 200R N 53 25.731 W 6 14.869166
GATE 201 N 53 25.714166 W 6 14.882
GATE 201S N 53 25.715 W 6 14.910833
GATE 202 N 53 25.698334 W 6 14.910667
GATE 202S N 53 25.695 W 6 14.946667
GATE 203 N 53 25.688167 W 6 14.938834
GATE 204 N 53 25.673 W 6 14.932
GATE 205C N 53 25.657667 W 6 14.895167
GATE 205L N 53 25.659167 W 6 14.918
GATE 205R N 53 25.658167 W 6 14.89
GATE 206 N 53 25.663834 W 6 14.857
GATE 207 N 53 25.675834 W 6 14.835
GATE 208 N 53 25.688 W 6 14.781833
GATE 300 N 53 25.61 W 6 14.739667
GATE 301 N 53 25.5985 W 6 14.7775
GATE 302 N 53 25.5865 W 6 14.816167
GATE 303 N 53 25.57 W 6 14.809333
GATE 304 N 53 25.541333 W 6 14.800166
GATE 305C N 53 25.5355 W 6 14.770834
GATE 305L N 53 25.524833 W 6 14.7905
GATE 305R N 53 25.518833 W 6 14.7645
GATE 306 N 53 25.541167 W 6 14.724
GATE 307C N 53 25.582166 W 6 14.692667
GATE 307L N 53 25.5565 W 6 14.712167
GATE 307R N 53 25.578667 W 6 14.690167
GATE 400C N 53 25.489333 W 6 14.547833
GATE 400L N 53 25.508333 W 6 14.5425
GATE 400R N 53 25.486834 W 6 14.562167
GATE 401C N 53 25.456834 W 6 14.6045
GATE 401L N 53 25.474166 W 6 14.5965
GATE 401R N 53 25.453834 W 6 14.618
GATE 402C N 53 25.423166 W 6 14.659333
GATE 402L N 53 25.441667 W 6 14.652833
GATE 402R N 53 25.421 W 6 14.673833
GATE 403C N 53 25.390333 W 6 14.715167
GATE 403L N 53 25.4095 W 6 14.710166
GATE 403R N 53 25.388 W 6 14.729666
GATE 404C N 53 25.356334 W 6 14.775833
GATE 404L N 53 25.376333 W 6 14.766334
GATE 404R N 53 25.354667 W 6 14.7835
GATE 405 N 53 25.359 W 6 14.662834
GATE 406C N 53 25.385333 W 6 14.6135
GATE 406L N 53 25.3655 W 6 14.619667
GATE 406R N 53 25.388167 W 6 14.601833
GATE 407C N 53 25.418333 W 6 14.557667
GATE 407L N 53 25.3985 W 6 14.563667
GATE 407R N 53 25.421167 W 6 14.546
GATE 408C N 53 25.451167 W 6 14.501833
GATE 408L N 53 25.4315 W 6 14.507833
GATE 408R N 53 25.454167 W 6 14.490167
GATE 409 N 53 25.463666 W 6 14.451
GATE 410 N 53 25.480166 W 6 14.423
GATE 411 N 53 25.374334 W 6 14.359
GATE 412 N 53 25.364833 W 6 14.3335
GATE 413 N 53 25.354667 W 6 14.3
GATE 414 N 53 25.344334 W 6 14.266667
GATE 600 N 53 25.6455 W 6 15.513667
GATE 601 N 53 25.662 W 6 15.5255
GATE 602 N 53 25.678333 W 6 15.537334
GATE 602S N 53 25.673167 W 6 15.556834
GATE 603 N 53 25.651166 W 6 15.632333
GATE 604 N 53 25.632 W 6 15.663
GATE 605 N 53 25.606834 W 6 15.678334
GATE 606 N 53 25.594667 W 6 15.572666
GATE 607 N 53 25.592 W 6 15.516667
GATE 610 N 53 25.561 W 6 15.556333
GATE 611C N 53 25.564166 W 6 15.615
GATE 611L N 53 25.565333 W 6 15.6345
GATE 611R N 53 25.563167 W 6 15.5955
GATE 612C N 53 25.5685 W 6 15.693167
GATE 612L N 53 25.569667 W 6 15.712667
GATE 612R N 53 25.5675 W 6 15.673667
GATE 613C N 53 25.572334 W 6 15.764167
GATE 613L N 53 25.566 W 6 15.792
GATE 613R N 53 25.571833 W 6 15.751834
GATE 614C N 53 25.452833 W 6 15.866833
GATE 614L N 53 25.452 W 6 15.855833
GATE 614R N 53 25.454167 W 6 15.895
GATE 615C N 53 25.449 W 6 15.797167
GATE 615L N 53 25.447834 W 6 15.777667
GATE 615R N 53 25.449833 W 6 15.816833
GATE 616C N 53 25.444667 W 6 15.719
GATE 616L N 53 25.4435 W 6 15.6995
GATE 616R N 53 25.445666 W 6 15.738667
GATE 617C N 53 25.452 W 6 15.662167
GATE 617L N 53 25.4585 W 6 15.6285
GATE 617R N 53 25.456834 W 6 15.658
GATE 63T N 53 25.378 W 6 14.3655
GATE 64 N 53 25.373167 W 6 14.369167
GATE 64L N 53 25.361833 W 6 14.385833
GATE 65T N 53 25.366667 W 6 14.403667
GATE 66T N 53 25.365833 W 6 14.367667
GATE 67T N 53 25.364833 W 6 14.3335
GATE 68T N 53 25.354667 W 6 14.3
GATE 69T N 53 25.344334 W 6 14.266667
GATE 84 N 53 25.964 W 6 15.247333
GATE 85 N 53 25.947 W 6 15.193667
GATE 86 N 53 25.924834 W 6 15.1835
GATE 87 N 53 25.902833 W 6 15.1645
GATE 90T N 53 25.836167 W 6 15.127
GATE 91T N 53 25.816166 W 6 15.105334
GATE 92T N 53 25.794667 W 6 15.089666
GATE 93T N 53 25.773167 W 6 15.074
GATE 94R N 53 25.748333 W 6 15.036
GATE 94T N 53 25.7555 W 6 15.058
GATE 95T N 53 25.748833 W 6 15.0305
GATE 96T N 53 25.761167 W 6 15.005666
GATE 97T N 53 25.776667 W 6 14.976334
GATE C1 N 53 25.525333 W 6 14.571167
GATE C10 N 53 25.366834 W 6 14.807333
GATE C11 N 53 25.347833 W 6 14.649334
GATE C12 N 53 25.365167 W 6 14.618833
GATE C12R N 53 25.376167 W 6 14.593
GATE C13 N 53 25.380334 W 6 14.589
GATE C14 N 53 25.398167 W 6 14.563
GATE C14R N 53 25.4 W 6 14.558167
GATE C15 N 53 25.4145 W 6 14.535167
GATE C16 N 53 25.431 W 6 14.507167
GATE C17 N 53 25.4465 W 6 14.477666
GATE C18 N 53 25.4595 W 6 14.444
GATE C19 N 53 25.472333 W 6 14.416
GATE C2 N 53 25.5045 W 6 14.570666
GATE C3 N 53 25.483834 W 6 14.606
GATE C4 N 53 25.461 W 6 14.625833
GATE C5 N 53 25.443167 W 6 14.656333
GATE C5R N 53 25.432333 W 6 14.675167
GATE C6 N 53 25.427167 W 6 14.684833
GATE C7 N 53 25.410833 W 6 14.713
GATE C7R N 53 25.399834 W 6 14.731667
GATE C8 N 53 25.394333 W 6 14.741
GATE C9 N 53 25.378 W 6 14.769334
GATE C9R N 53 25.371167 W 6 14.783833
ENDGATES
